sea hack of recaiét qu your chance
to will $1000

10 ﬂ: 1k271013000k

walmart q:

save money. live better.

( 770 ) 010 1123
mhnrber juhh krstensmidt
1100 7000010" 00
liihiﬂ springs 00 30122
st“ 03205 0p0 008033 te! 12 100 01134

 

0110 0101 001000010020 1 0. 00 1
0110 0101 001300010021 1 5.00 1
hiehelinhs 071785410521 f 0-93 i
michelinhs 07178541052 21 f 0-93 i
00100 100000 0020100011“ 1 0.12 1
hp 800001.00 004369507111 f 1.93 y
00 00000100 001300001110 1 1.02 1
010011010 001300011102 1 2.00 1
0001 0011101 001011211010 2.10 1
000000" 004160702936 f 1.00 b
0000 11 0011 001002000012 1 2.01 v
00000 005340014110 f 2.97 y
klundike 007585602400 f 2.90 y
010011100 001300010012 1 2.00 1
010011100 001000010012 1 2.00 1
00111 000010 0010112122011 1.00 0
0011110 002010010110 1 1.10 0
0011110 002010010110 1 1.10 0
00 00100 001 001011201220 1 0.00 1
0000100 110 001110010505 1 0.00 1
0000100 110 001110010005 1 0.00 0
100110 01000 001020100200 1 1.10 0
110 00100 000110100111 1 2.20 1
0011010 000000202000 1 2.101
010 00111: 000921300001 1 2.10 0
0000 000001 000000000001 1 2.00 1
0010 0000000 001002105010 1 2:00 1
10 0000 1:001 001210000211 1 2:10 1
1011 1010 001010102000 1 1.00 1
010011000 001000010010 1 2.00 1
010011100 001300011102 1 2.00 1
1000 00000 001110000010 1 2.11 1
0100010 10 01100 000 5.90
000 10111 005010100001 1 1.11 1
0001010101.51
111 00 01001 002100000101 1 0.11 1
01010100 01 001210000110 1 1.01 0
0101 000000000101 1 1.11 0
0101 000000000100 1 1 11 1
110 100 0001 00000000010 0 1 1.11 0
01010 00000000010 0 1 11 0
tune-enli'ihb 00000005130 4 f 1.00 y
1000 0101001 00000000100 00 1 .00 1
0 0. 0010 0011100000 51 1 2.00 1
00 0000001 007011200012 1 2,71 1
00010101 101 00